1
9570
422 203
422 202
422 199
422 198
422 197
422 196
422 195
422 194
422 193
422 192
422 191
422 190
422 189
422 188
422 187
422 186
422 185
422 184
422 182
422 181
422 180
422 178
422 177
422 175
421 213
421 210
421 209
421 207
421 205
421 203
421 201
421 200
421 199
421 198
421 197
421 196
421 195
421 194
421 193
421 192
421 191
421 190
421 189
421 188
421 187
421 186
421 185
421 184
421 183
421 181
421 179
421 177
421 176
421 174
421 172
421 170
421 169
421 166
420 220
420 218
420 216
420 214
420 213
420 212
420 210
420 209
420 208
420 207
420 206
420 205
420 204
420 201
420 176
420 174
420 173
420 171
420 169
420 168
420 163
420 162
420 161
419 226
419 224
419 220
419 219
419 218
419 217
419 215
419 165
419 162
419 160
419 159
419 157
418 453
418 231
418 230
418 229
418 228
418 226
418 225
418 223
418 222
418 220
418 158
418 155
418 153
418 152
417 456
417 455
417 454
417 452
417 234
417 233
417 231
417 229
417 228
417 227
417 154
417 153
417 150
416 472
416 454
416 452
416 450
416 237
416 236
416 235
416 234
416 232
416 231
416 152
416 151
416 150
416 148
416 146
415 478
415 477
415 475
415 472
415 470
415 468
415 467
415 465
415 458
415 456
415 450
415 448
415 241
415 240
415 238
415 237
415 236
415 149
415 147
415 145
415 144
414 481
414 477
414 476
414 474
414 473
414 472
414 471
414 469
414 466
414 465
414 463
414 460
414 458
414 448
414 446
414 243
414 242
414 240
414 239
414 145
414 143
414 142
414 141
413 480
413 479
413 478
413 464
413 462
413 461
413 460
413 459
413 457
413 447
413 444
413 246
413 245
413 244
413 243
413 142
413 140
413 139
412 482
412 481
412 459
412 456
412 445
412 443
412 250
412 249
412 248
412 247
412 246
412 245
412 140
412 138
412 136
412 135
411 483
411 457
411 455
411 453
411 444
411 443
411 442
411 252
411 251
411 137
411 135
411 133
410 483
410 455
410 453
410 443
410 256
410 255
410 254
410 253
410 251
410 135
410 134
410 132
410 131
409 482
409 442
409 441
409 259
409 257
409 255
409 253
409 131
409 130
409 128
408 484
408 483
408 481
408 480
408 479
408 440
408 261
408 258
408 129
408 127
408 126
407 486
407 485
407 484
407 482
407 481
407 480
407 479
407 478
407 438
407 264
407 262
407 261
407 260
407 127
407 126
407 124
406 488
406 487
406 486
406 439
406 437
406 267
406 265
406 263
406 125
406 123
406 121
405 490
405 487
405 437
405 271
405 269
405 268
405 266
405 123
405 122
405 121
404 492
404 490
404 489
404 437
404 435
404 274
404 273
404 271
404 268
404 120
404 119
404 118
404 117
403 492
403 491
403 436
403 277
403 276
403 274
403 272
403 119
403 117
403 115
402 495
402 493
402 492
402 435
402 278
402 275
402 116
402 114
402 113
402 112
401 627
401 624
401 623
401 496
401 494
401 435
401 434
401 433
401 329
401 328
401 325
401 323
401 321
401 281
401 279
401 278
401 277
401 110
400 626
400 625
400 622
400 621
400 495
400 434
400 432
400 341
400 339
400 338
400 336
400 335
400 333
400 331
400 330
400 329
400 327
400 326
400 323
400 321
400 319
400 318
400 317
400 316
400 315
400 314
400 313
400 312
400 285
400 283
400 281
400 280
400 112
400 111
400 109
400 108
399 629
399 622
399 620
399 497
399 432
399 352
399 349
399 348
399 345
399 343
399 341
399 339
399 336
399 335
399 333
399 332
399 331
399 330
399 324
399 322
399 321
399 320
399 319
399 318
399 317
399 314
399 312
399 311
399 309
399 286
399 285
399 283
399 282
399 109
399 108
399 106
398 628
398 619
398 618
398 617
398 497
398 433
398 431
398 429
398 427
398 359
398 358
398 357
398 356
398 355
398 354
398 353
398 352
398 351
398 350
398 349
398 347
398 346
398 345
398 342
398 341
398 312
398 311
398 310
398 308
398 307
398 306
398 305
398 304
398 290
398 288
398 287
398 285
398 108
398 107
398 106
397 639
397 638
397 637
397 629
397 628
397 618
397 616
397 498
397 432
397 431
397 430
397 429
397 425
397 424
397 423
397 422
397 421
397 420
397 419
397 418
397 417
397 416
397 415
397 413
397 411
397 370
397 369
397 367
397 366
397 365
397 364
397 363
397 362
397 361
397 360
397 359
397 358
397 354
397 352
397 306
397 304
397 303
397 291
397 289
397 287
397 105
397 104
397 103
396 642
396 641
396 639
396 636
396 630
396 629
396 617
396 499
396 498
396 431
396 429
396 426
396 424
396 423
396 422
396 421
396 420
396 419
396 418
396 417
396 416
396 415
396 413
396 411
396 410
396 409
396 408
396 407
396 406
396 405
396 404
396 403
396 402
396 401
396 400
396 399
396 398
396 397
396 396
396 395
396 394
396 393
396 392
396 391
396 390
396 389
396 388
396 387
396 386
396 385
396 384
396 383
396 382
396 381
396 380
396 379
396 378
396 377
396 376
396 374
396 373
396 372
396 370
396 369
396 368
396 367
396 366
396 365
396 364
396 363
396 362
396 361
396 360
396 359
396 303
396 302
396 300
396 292
396 290
396 103
395 644
395 643
395 640
395 638
395 616
395 615
395 499
395 414
395 411
395 408
395 407
395 406
395 405
395 404
395 403
395 402
395 401
395 400
395 399
395 398
395 397
395 396
395 395
395 394
395 393
395 392
395 391
395 390
395 389
395 388
395 387
395 386
395 385
395 384
395 383
395 382
395 381
395 380
395 379
395 378
395 377
395 376
395 375
395 373
395 372
395 371
395 368
395 301
395 298
395 297
395 295
395 293
395 102
395 100
394 645
394 644
394 639
394 637
394 614
394 612
394 610
394 608
394 607
394 605
394 499
394 430
394 428
394 300
394 299
394 298
394 296
394 101
394 100
393 648
393 646
393 639
393 638
393 629
393 628
393 612
393 611
393 610
393 608
393 606
393 604
393 602
393 601
393 500
393 98
393 97
393 96
392 647
392 639
392 630
392 627
392 613
392 603
392 600
392 599
392 598
392 499
392 429
392 428
392 427
392 98
392 96
391 650
391 639
391 633
391 632
391 631
391 630
391 628
391 627
391 612
391 600
391 598
391 596
391 494
391 493
391 492
391 428
391 94
391 93
390 651
390 649
390 640
390 638
390 635
390 628
390 627
390 612
390 597
390 595
390 500
390 499
390 495
390 494
390 95
390 92
389 652
389 651
389 650
389 640
389 639
389 637
389 636
389 634
389 627
389 612
389 610
389 593
389 592
389 499
389 497
389 495
389 493
389 427
389 426
389 92
389 91
388 653
388 651
388 644
388 642
388 640
388 639
388 637
388 627
388 610
388 593
388 592
388 591
388 497
388 494
388 427
388 426
388 91
388 89
387 654
387 653
387 652
387 645
387 644
387 642
387 640
387 639
387 637
387 635
387 633
387 627
387 626
387 610
387 608
387 497
387 496
387 495
387 425
387 210
387 209
387 207
387 206
387 205
387 204
387 203
387 202
387 201
387 200
387 199
387 198
387 197
387 196
387 195
387 194
387 193
387 192
387 191
387 190
387 189
387 188
387 187
387 186
387 185
387 184
387 183
387 182
387 181
387 180
387 179
387 178
387 177
387 176
387 175
387 172
387 89
387 88
386 655
386 649
386 646
386 645
386 643
386 641
386 639
386 638
386 636
386 634
386 633
386 632
386 631
386 626
386 609
386 607
386 591
386 590
386 496
386 425
386 220
386 218
386 216
386 215
386 212
386 210
386 209
386 207
386 206
386 205
386 204
386 203
386 202
386 201
386 200
386 199
386 198
386 197
386 196
386 195
386 194
386 193
386 192
386 191
386 190
386 189
386 188
386 187
386 186
386 185
386 184
386 183
386 182
386 181
386 180
386 179
386 178
386 177
386 176
386 174
386 172
386 171
386 170
386 168
386 167
386 165
386 89
386 88
386 86
385 656
385 654
385 650
385 648
385 633
385 632
385 630
385 626
385 608
385 589
385 498
385 497
385 229
385 228
385 226
385 224
385 222
385 221
385 220
385 218
385 217
385 215
385 213
385 211
385 172
385 169
385 168
385 167
385 166
385 165
385 164
385 163
385 161
385 160
385 85
384 657
384 650
384 629
384 627
384 625
384 607
384 606
384 604
384 588
384 425
384 424
384 234
384 232
384 231
384 230
384 227
384 225
384 223
384 221
384 162
384 160
384 158
384 157
384 86
384 84
383 657
383 651
383 650
383 628
383 626
383 625
383 604
383 589
383 588
383 587
383 241
383 240
383 238
383 236
383 234
383 232
383 231
383 230
383 159
383 157
383 156
383 154
383 84
383 83
383 82
382 658
382 657
382 650
382 604
382 602
382 588
382 586
382 498
382 424
382 423
382 248
382 246
382 245
382 244
382 242
382 241
382 239
382 238
382 156
382 155
382 153
382 152
382 151
382 150
382 149
382 81
381 659
381 650
381 626
381 625
381 619
381 587
381 500
381 499
381 498
381 423
381 422
381 253
381 251
381 249
381 246
381 244
381 242
381 150
381 148
381 147
381 80
381 79
380 659
380 651
380 618
380 602
380 601
380 586
380 500
380 423
380 261
380 259
380 258
380 256
380 255
380 254
380 253
380 252
380 251
380 250
380 249
380 148
380 146
380 144
380 80
380 78
379 660
379 659
379 651
379 650
379 649
379 617
379 615
379 601
379 600
379 591
379 589
379 588
379 587
379 501
379 499
379 423
379 422
379 264
379 263
379 262
379 261
379 259
379 258
379 257
379 254
379 146
379 145
379 143
379 79
379 78
379 77
378 661
378 650
378 649
378 615
378 614
378 599
378 595
378 594
378 592
378 591
378 589
378 501
378 500
378 421
378 263
378 260
378 144
378 142
378 140
378 139
378 77
378 76
378 74
377 616
377 613
377 600
377 599
377 598
377 597
377 596
377 594
377 593
377 591
377 500
377 421
377 262
377 260
377 258
377 141
377 139
377 76
377 75
377 73
376 662
376 650
376 648
376 647
376 646
376 645
376 644
376 643
376 642
376 641
376 640
376 639
376 638
376 615
376 613
376 602
376 601
376 600
376 598
376 596
376 594
376 502
376 501
376 422
376 260
376 259
376 258
376 256
376 255
376 138
376 137
376 135
376 134
376 73
375 664
375 663
375 662
375 653
375 652
375 651
375 650
375 649
375 647
375 645
375 642
375 641
375 640
375 639
375 638
375 636
375 613
375 605
375 604
375 602
375 600
375 598
375 594
375 593
375 502
375 501
375 422
375 421
375 420
375 257
375 256
375 254
375 252
375 251
375 135
375 134
375 133
375 132
375 70
374 663
374 655
374 653
374 651
374 647
374 637
374 636
374 634
374 632
374 626
374 625
374 624
374 612
374 611
374 610
374 605
374 603
374 591
374 502
374 421
374 252
374 250
374 249
374 132
374 131
374 129
374 72
374 69
373 665
373 656
373 655
373 654
373 653
373 634
373 631
373 630
373 624
373 620
373 613
373 607
373 591
373 503
373 502
373 420
373 251
373 248
373 246
373 245
373 130
373 129
373 127
373 69
373 67
372 664
372 658
372 656
372 654
372 653
372 632
372 622
372 620
372 619
372 618
372 612
372 610
372 609
372 607
372 590
372 502
372 419
372 248
372 245
372 244
372 242
372 128
372 126
372 125
372 124
372 68
372 67
372 66
371 666
371 665
371 659
371 658
371 654
371 620
371 619
371 617
371 611
371 609
371 608
371 595
371 594
371 592
371 589
371 588
371 586
371 585
371 504
371 503
371 502
371 420
371 243
371 242
371 241
371 240
371 239
371 238
371 126
371 124
371 122
371 121
370 659
370 655
370 654
370 618
370 616
370 610
370 598
370 596
370 594
370 591
370 589
370 586
370 584
370 583
370 504
370 420
370 241
370 239
370 237
370 236
370 124
370 123
370 120
370 118
370 65
370 64
370 63
369 667
369 661
369 660
369 659
369 618
369 616
369 615
369 614
369 613
369 611
369 600
369 599
369 597
369 596
369 585
369 584
369 583
369 581
369 578
369 504
369 503
369 419
369 236
369 234
369 232
369 120
369 119
369 116
369 115
369 64
369 63
369 61
368 667
368 666
368 662
368 660
368 654
368 617
368 616
368 615
368 614
368 612
368 602
368 600
368 598
368 582
368 580
368 579
368 576
368 575
368 574
368 503
368 420
368 419
368 235
368 234
368 233
368 232
368 231
368 230
368 117
368 115
368 114
368 113
368 112
368 63
368 62
368 60
367 668
367 667
367 666
367 664
367 655
367 653
367 616
367 615
367 614
367 612
367 601
367 577
367 576
367 574
367 571
367 569
367 504
367 230
367 228
367 226
367 114
367 113
367 111
367 61
367 60
367 59
366 668
366 665
366 663
366 654
366 626
366 613
366 604
366 603
366 602
366 573
366 572
366 571
366 569
366 568
366 567
366 566
366 565
366 505
366 419
366 418
366 229
366 227
366 224
366 223
366 112
366 110
366 108
366 58
366 57
366 56
365 668
365 667
365 665
365 664
365 653
365 652
365 651
365 625
365 624
365 623
365 614
365 613
365 605
365 604
365 568
365 566
365 564
365 563
365 504
365 419
365 225
365 223
365 221
365 109
365 107
365 106
365 104
365 58
365 57
365 55
364 667
364 666
364 665
364 652
364 650
364 649
364 623
364 621
364 619
364 618
364 617
364 615
364 614
364 606
364 604
364 564
364 562
364 560
364 505
364 504
364 419
364 418
364 223
364 221
364 220
364 219
364 218
364 217
364 107
364 104
364 102
364 56
364 54
364 53
363 669
363 667
363 648
363 623
363 621
363 620
363 619
363 616
363 615
363 606
363 605
363 562
363 561
363 557
363 504
363 419
363 219
363 217
363 216
363 213
363 103
363 101
363 99
363 53
363 52
362 670
362 669
362 648
362 647
362 645
362 621
362 620
362 619
362 616
362 614
362 607
362 560
362 558
362 555
362 506
362 505
362 419
362 215
362 214
362 212
362 210
362 100
362 99
362 97
362 53
362 52
362 50
361 647
361 645
361 644
361 619
361 617
361 615
361 606
361 557
361 556
361 553
361 418
361 417
361 212
361 211
361 209
361 206
361 98
361 97
361 96
361 94
361 51
361 49
361 48
360 669
360 668
360 644
360 642
360 617
360 616
360 607
360 554
360 552
360 551
360 550
360 505
360 419
360 418
360 208
360 207
360 205
360 202
360 95
360 94
360 92
360 90
360 49
359 670
359 654
359 652
359 642
359 640
359 616
359 615
359 607
359 551
359 550
359 548
359 506
359 505
359 417
359 273
359 272
359 270
359 268
359 266
359 265
359 264
359 263
359 262
359 206
359 205
359 204
359 203
359 200
359 199
359 91
359 89
359 87
359 46
358 671
358 662
358 660
358 657
358 654
358 653
358 641
358 639
358 617
358 608
358 607
358 549
358 547
358 545
358 507
358 506
358 417
358 268
358 266
358 263
358 261
358 260
358 259
358 202
358 201
358 200
358 199
358 197
358 196
358 195
358 89
358 88
358 86
358 85
358 84
358 47
358 45
357 672
357 664
357 663
357 662
357 660
357 659
357 658
357 657
357 656
357 640
357 639
357 616
357 608
357 547
357 546
357 545
357 417
357 262
357 259
357 257
357 255
357 253
357 198
357 197
357 194
357 193
357 87
357 85
357 82
357 81
357 46
357 44
356 673
356 672
356 669
356 666
356 665
356 638
356 616
356 607
356 544
356 543
356 542
356 541
356 507
356 506
356 417
356 257
356 254
356 252
356 249
356 195
356 193
356 192
356 191
356 190
356 189
356 84
356 83
356 81
356 80
356 79
356 45
355 674
355 673
355 671
355 670
355 668
355 666
355 638
355 618
355 617
355 608
355 541
355 540
355 506
355 417
355 299
355 298
355 253
355 252
355 251
355 249
355 248
355 247
355 246
355 245
355 190
355 187
355 185
355 184
355 81
355 80
355 78
355 76
355 75
355 42
354 675
354 673
354 670
354 638
354 637
354 636
354 618
354 617
354 616
354 607
354 540
354 539
354 537
354 507
354 506
354 417
354 300
354 297
354 295
354 248
354 245
354 243
354 242
354 241
354 240
354 188
354 187
354 185
354 183
354 181
354 179
354 93
354 86
354 85
354 84
354 82
354 81
354 79
354 77
354 75
354 74
354 72
354 43
354 41
353 676
353 672
353 671
353 636
353 616
353 609
353 608
353 538
353 536
353 535
353 508
353 507
353 417
353 298
353 296
353 294
353 292
353 244
353 243
353 241
353 240
353 239
353 238
353 184
353 182
353 181
353 179
353 178
353 177
353 174
353 173
353 113
353 112
353 111
353 110
353 109
353 108
353 107
353 106
353 105
353 104
353 103
353 102
353 101
353 100
353 99
353 98
353 97
353 96
353 95
353 94
353 93
353 91
353 90
353 88
353 87
353 83
353 81
353 80
353 79
353 78
353 77
353 76
353 74
353 73
353 71
353 42
353 40
352 675
352 673
352 635
352 634
352 618
352 617
352 609
352 608
352 537
352 536
352 534
352 508
352 417
352 295
352 293
352 291
352 289
352 288
352 240
352 238
352 236
352 234
352 232
352 178
352 176
352 175
352 173
352 171
352 168
352 167
352 165
352 163
352 162
352 145
352 144
352 142
352 137
352 135
352 134
352 133
352 132
352 131
352 130
352 129
352 128
352 127
352 126
352 125
352 124
352 123
352 122
352 121
352 120
352 119
352 117
352 115
352 113
352 111
352 110
352 109
352 108
352 107
352 106
352 105
352 104
352 103
352 102
352 101
352 100
352 99
352 98
352 97
352 96
352 94
352 92
352 90
352 89
352 87
352 85
352 83
352 72
352 41
351 679
351 678
351 677
351 676
351 636
351 634
351 617
351 616
351 609
351 534
351 533
351 532
351 508
351 417
351 291
351 290
351 289
351 288
351 287
351 285
351 284
351 234
351 232
351 231
351 230
351 173
351 171
351 170
351 168
351 167
351 165
351 163
351 161
351 159
351 158
351 157
351 156
351 155
351 154
351 153
351 152
351 151
351 150
351 148
351 147
351 145
351 144
351 143
351 141
351 139
351 138
351 136
351 135
351 134
351 132
351 131
351 130
351 128
351 127
351 126
351 125
351 124
351 123
351 122
351 121
351 120
351 119
351 117
351 115
351 114
350 681
350 680
350 678
350 638
350 637
350 635
350 634
350 632
350 618
350 609
350 608
350 533
350 532
350 531
350 530
350 507
350 417
350 289
350 286
350 284
350 233
350 230
350 229
350 227
350 161
350 160
350 159
350 158
350 157
350 156
350 155
350 154
350 153
350 152
350 151
350 149
350 146
350 145
350 142
350 138
350 137
350 134
350 39
349 682
349 680
349 679
349 640
349 638
349 633
349 617
349 608
349 531
349 529
349 508
349 507
349 418
349 288
349 287
349 285
349 284
349 283
349 282
349 281
349 232
349 229
349 227
349 225
349 223
349 39
348 685
348 683
348 681
348 644
348 643
348 642
348 641
348 640
348 639
348 638
348 631
348 617
348 616
348 608
348 528
348 527
348 418
348 287
348 286
348 283
348 282
348 280
348 233
348 226
348 224
348 222
348 220
348 40
348 39
347 737
347 735
347 733
347 731
347 730
347 729
347 728
347 726
347 725
347 724
347 723
347 721
347 719
347 685
347 645
347 644
347 643
347 641
347 616
347 608
347 607
347 528
347 527
347 526
347 508
347 418
347 417
347 338
347 332
347 286
347 285
347 284
347 282
347 281
347 279
347 278
347 232
347 231
347 223
347 222
347 221
347 219
347 217
347 40
346 739
346 735
346 734
346 733
346 732
346 731
346 729
346 726
346 725
346 723
346 722
346 720
346 719
346 718
346 717
346 716
346 715
346 713
346 711
346 710
346 709
346 708
346 707
346 706
346 705
346 704
346 703
346 702
346 701
346 700
346 699
346 697
346 687
346 686
346 685
346 647
346 646
346 645
346 607
346 526
346 524
346 523
346 507
346 418
346 346
346 344
346 343
346 342
346 340
346 338
346 337
346 336
346 334
346 333
346 332
346 330
346 328
346 327
346 325
346 323
346 284
346 282
346 281
346 279
346 277
346 232
346 231
346 220
346 219
346 217
346 216
346 215
346 40
345 740
345 738
345 727
345 722
345 720
345 718
345 715
345 714
345 713
345 712
345 711
345 710
345 709
345 708
345 707
345 706
345 705
345 704
345 703
345 702
345 700
345 698
345 696
345 694
345 693
345 692
345 690
345 689
345 688
345 687
345 648
345 647
345 645
345 616
345 608
345 524
345 522
345 521
345 508
345 417
345 351
345 349
345 348
345 344
345 342
345 340
345 337
345 335
345 333
345 328
345 326
345 325
345 323
345 322
345 321
345 318
345 283
345 281
345 280
345 279
345 276
345 216
345 215
345 214
345 213
345 212
345 211
345 41
344 741
344 739
344 727
344 726
344 694
344 691
344 690
344 615
344 607
344 521
344 520
344 508
344 507
344 418
344 357
344 356
344 355
344 354
344 353
344 350
344 348
344 346
344 322
344 320
344 319
344 317
344 316
344 282
344 280
344 279
344 277
344 276
344 275
344 230
344 214
344 210
344 209
344 42
343 742
343 741
343 728
343 692
343 690
343 649
343 648
343 614
343 607
343 606
343 605
343 521
343 520
343 519
343 518
343 509
343 508
343 419
343 362
343 360
343 359
343 357
343 355
343 352
343 317
343 315
343 281
343 278
343 276
343 245
343 230
343 210
343 209
343 207
343 206
343 41
342 743
342 741
342 730
342 729
342 693
342 691
342 612
342 605
342 518
342 418
342 365
342 363
342 361
342 360
342 358
342 357
342 315
342 313
342 280
342 279
342 277
342 276
342 274
342 230
342 229
342 208
342 207
342 205
342 204
342 45
342 44
342 42
341 744
341 743
341 729
341 693
341 692
341 648
341 614
341 612
341 610
341 609
341 608
341 607
341 606
341 604
341 518
341 517
341 515
341 508
341 370
341 369
341 368
341 366
341 364
341 363
341 362
341 314
341 313
341 312
341 279
341 278
341 277
341 275
341 274
341 243
341 230
341 204
341 203
341 202
341 201
341 199
341 47
341 44
341 43
340 744
340 731
340 694
340 649
340 648
340 647
340 616
340 614
340 613
340 611
340 608
340 607
340 603
340 517
340 516
340 509
340 418
340 373
340 372
340 371
340 369
340 367
340 311
340 309
340 277
340 275
340 274
340 243
340 229
340 202
340 201
340 200
340 199
340 197
340 196
340 50
340 49
340 48
339 746
339 744
339 732
339 731
339 694
339 648
339 617
339 615
339 614
339 612
339 603
339 602
339 601
339 515
339 514
339 509
339 377
339 376
339 374
339 372
339 371
339 370
339 280
339 279
339 277
339 276
339 242
339 198
339 197
339 195
339 193
339 59
339 57
339 56
339 55
339 54
339 52
339 49
339 47
338 746
338 745
338 733
338 731
338 695
338 647
338 646
338 617
338 616
338 610
338 600
338 514
338 512
338 511
338 508
338 419
338 379
338 378
338 376
338 375
338 374
338 373
338 309
338 277
338 275
338 243
338 229
338 195
338 193
338 191
338 189
338 71
338 70
338 69
338 68
338 67
338 66
338 65
338 64
338 62
338 60
338 59
338 57
338 56
338 54
338 52
338 51
337 746
337 732
337 645
337 644
337 621
337 619
337 618
337 617
337 613
337 612
337 611
337 601
337 599
337 513
337 512
337 510
337 509
337 419
337 383
337 381
337 379
337 307
337 279
337 278
337 277
337 276
337 242
337 228
337 192
337 191
337 190
337 189
337 188
337 187
337 185
337 184
337 87
337 86
337 85
337 84
337 83
337 82
337 81
337 80
337 78
337 77
337 76
337 74
337 73
337 72
337 71
337 70
337 69
337 68
337 67
337 66
337 65
337 64
337 63
337 62
337 61
337 59
337 58
337 55
336 748
336 747
336 733
336 645
336 644
336 642
336 623
336 620
336 619
336 613
336 600
336 511
336 509
336 386
336 385
336 383
336 382
336 381
336 380
336 307
336 305
336 279
336 277
336 276
336 243
336 242
336 241
336 229
336 186
336 184
336 183
336 181
336 97
336 96
336 95
336 94
336 93
336 92
336 91
336 90
336 89
336 88
336 87
336 86
336 85
336 84
336 83
336 82
336 81
336 80
336 78
336 75
336 74
335 748
335 734
335 733
335 644
335 643
335 642
335 640
335 639
335 637
335 635
335 634
335 633
335 631
335 630
335 629
335 628
335 627
335 626
335 625
335 624
335 623
335 621
335 614
335 612
335 599
335 597
335 509
335 420
335 419
335 388
335 387
335 386
335 385
335 306
335 280
335 278
335 276
335 241
335 228
335 183
335 181
335 179
335 177
335 106
335 104
335 103
335 102
335 100
335 99
335 97
335 96
335 95
335 94
335 93
335 92
335 91
335 90
335 89
335 88
335 87
334 749
334 748
334 735
334 734
334 642
334 641
334 640
334 639
334 638
334 637
334 636
334 632
334 631
334 630
334 629
334 628
334 627
334 626
334 625
334 624
334 623
334 613
334 612
334 598
334 509
334 419
334 392
334 391
334 389
334 388
334 306
334 305
334 280
334 279
334 277
334 229
334 228
334 177
334 176
334 175
334 172
334 171
334 168
334 167
334 165
334 163
334 115
334 112
334 110
334 109
334 107
334 106
334 105
334 103
334 101
334 98
334 97
333 750
333 736
333 642
333 635
333 632
333 614
333 613
333 597
333 596
333 595
333 508
333 420
333 396
333 394
333 392
333 390
333 304
333 279
333 278
333 277
333 242
333 241
333 228
333 227
333 225
333 224
333 174
333 173
333 172
333 171
333 169
333 166
333 165
333 164
333 163
333 161
333 159
333 158
333 157
333 156
333 155
333 154
333 153
333 152
333 151
333 150
333 149
333 148
333 147
333 146
333 145
333 144
333 143
333 142
333 140
333 138
333 137
333 130
333 129
333 127
333 126
333 125
333 124
333 123
333 122
333 121
333 120
333 118
333 116
333 114
333 112
333 111
333 109
333 107
332 751
332 750
332 749
332 736
332 735
332 642
332 615
332 614
332 596
332 595
332 594
332 507
332 506
332 421
332 420
332 398
332 396
332 395
332 393
332 391
332 389
332 387
332 384
332 382
332 304
332 281
332 280
332 278
332 240
332 229
332 227
332 225
332 223
332 221
332 219
332 163
332 162
332 160
332 159
332 158
332 157
332 156
332 155
332 154
332 153
332 152
332 151
332 150
332 149
332 148
332 147
332 146
332 145
332 144
332 140
332 139
332 137
332 135
332 134
332 133
332 131
332 129
332 127
332 126
332 125
332 124
332 123
332 122
332 121
332 120
332 119
332 118
331 751
331 750
331 736
331 641
331 616
331 614
331 594
331 505
331 421
331 420
331 399
331 397
331 395
331 393
331 390
331 389
331 388
331 386
331 384
331 383
331 382
331 380
331 378
331 305
331 303
331 281
331 280
331 279
331 241
331 240
331 229
331 228
331 222
331 221
331 220
331 219
331 215
331 141
331 139
331 135
331 132
331 131
330 737
330 641
330 615
330 594
330 593
330 505
330 421
330 403
330 401
330 400
330 399
330 398
330 397
330 396
330 394
330 393
330 392
330 391
330 390
330 388
330 386
330 385
330 383
330 379
330 378
330 376
330 375
330 305
330 304
330 281
330 240
330 239
330 228
330 219
330 217
330 216
330 215
330 213
330 212
329 752
329 751
329 737
329 642
329 641
329 616
329 594
329 592
329 591
329 504
329 503
329 420
329 406
329 405
329 403
329 401
329 398
329 396
329 395
329 394
329 391
329 390
329 388
329 387
329 385
329 384
329 383
329 382
329 381
329 380
329 379
329 377
329 375
329 373
329 304
329 282
329 281
329 280
329 241
329 238
329 228
329 227
329 214
329 212
329 210
328 753
328 738
328 642
328 641
328 616
328 615
328 593
328 504
328 502
328 421
328 407
328 406
328 405
328 404
328 402
328 400
328 399
328 397
328 396
328 394
328 393
328 389
328 387
328 386
328 385
328 383
328 382
328 380
328 377
328 376
328 375
328 374
328 372
328 305
328 283
328 281
328 240
328 239
328 227
328 211
328 209
328 208
328 207
328 206
327 753
327 752
327 738
327 641
327 616
327 593
327 591
327 589
327 421
327 410
327 409
327 407
327 406
327 405
327 404
327 403
327 402
327 401
327 400
327 398
327 397
327 395
327 392
327 390
327 389
327 386
327 384
327 382
327 381
327 379
327 377
327 376
327 375
327 372
327 305
327 304
327 282
327 281
327 240
327 239
327 238
327 237
327 228
327 209
327 208
327 207
327 206
327 204
326 753
326 739
326 738
326 642
326 617
326 616
326 615
326 594
326 590
326 589
326 503
326 502
326 422
326 420
326 411
326 408
326 407
326 406
326 405
326 404
326 403
326 402
326 401
326 400
326 398
326 396
326 395
326 394
326 393
326 391
326 382
326 380
326 379
326 377
326 376
326 374
326 372
326 371
326 304
326 284
326 282
326 281
326 240
326 236
326 228
326 227
326 205
326 203
326 201
325 755
325 754
325 740
325 642
325 641
325 617
325 595
325 594
325 589
325 587
325 502
325 421
325 413
325 411
325 409
325 407
325 406
325 405
325 404
325 403
325 402
325 401
325 400
325 398
325 397
325 380
325 378
325 377
325 375
325 374
325 373
325 372
325 370
325 306
325 305
325 304
325 285
325 284
325 283
325 281
325 240
325 236
325 235
325 227
325 203
325 202
325 201
325 199
324 739
324 722
324 616
324 595
324 587
324 501
324 422
324 415
324 413
324 412
324 407
324 406
324 405
324 404
324 403
324 402
324 401
324 400
324 399
324 396
324 395
324 394
324 380
324 378
324 376
324 374
324 371
324 370
324 306
324 305
324 285
324 282
324 240
324 234
324 233
324 232
324 226
324 200
324 198
324 197
323 756
323 755
323 740
323 642
323 641
323 618
323 617
323 595
323 586
323 502
323 501
323 422
323 421
323 417
323 415
323 413
323 411
323 410
323 409
323 408
323 407
323 406
323 405
323 404
323 403
323 402
323 401
323 400
323 399
323 398
323 382
323 380
323 377
323 376
323 374
323 372
323 371
323 305
323 286
323 282
323 281
323 240
323 234
323 232
323 231
323 199
323 197
323 195
322 755
322 739
322 719
322 642
322 616
322 596
322 595
322 585
322 584
322 423
322 418
322 417
322 416
322 414
322 412
322 409
322 408
322 407
322 406
322 405
322 404
322 403
322 402
322 401
322 400
322 399
322 397
322 395
322 381
322 379
322 378
322 376
322 374
322 370
322 287
322 285
322 240
322 230
322 226
322 195
322 194
322 193
322 192
321 756
321 741
321 740
321 718
321 643
321 642
321 617
321 596
321 585
321 583
321 502
321 501
321 423
321 421
321 420
321 419
321 418
321 415
321 414
321 413
321 411
321 407
321 406
321 405
321 404
321 403
321 402
321 401
321 400
321 399
321 396
321 395
321 393
321 382
321 380
321 377
321 375
321 372
321 371
321 307
321 306
321 286
321 283
321 281
321 240
321 229
321 227
321 226
321 191
320 756
320 741
320 719
320 642
320 641
320 618
320 617
320 596
320 584
320 502
320 423
320 422
320 420
320 419
320 417
320 416
320 415
320 413
320 410
320 409
320 408
320 407
320 406
320 405
320 404
320 403
320 402
320 401
320 400
320 399
320 398
320 396
320 394
320 386
320 383
320 380
320 378
320 377
320 376
320 375
320 373
320 371
320 370
320 308
320 287
320 283
320 240
320 227
320 225
320 224
320 192
320 190
319 757
319 740
319 739
319 717
319 642
319 618
319 617
319 597
319 583
319 582
319 581
319 502
319 423
319 422
319 421
319 420
319 419
319 418
319 417
319 416
319 415
319 414
319 413
319 412
319 411
319 410
319 409
319 408
319 407
319 406
319 405
319 404
319 403
319 402
319 401
319 400
319 399
319 398
319 397
319 396
319 395
319 394
319 393
319 392
319 391
319 390
319 389
319 388
319 387
319 386
319 385
319 384
319 383
319 382
319 381
319 380
319 379
319 378
319 377
319 376
319 375
319 373
319 371
319 308
319 307
319 289
319 288
319 282
319 241
319 240
319 225
319 224
319 223
319 222
319 187
318 758
318 757
318 739
318 718
318 717
318 641
318 598
318 597
318 581
318 580
318 501
318 423
318 422
318 421
318 420
318 419
318 418
318 417
318 416
318 415
318 414
318 413
318 412
318 411
318 410
318 409
318 408
318 407
318 406
318 405
318 404
318 403
318 402
318 401
318 400
318 399
318 398
318 397
318 396
318 395
318 394
318 393
318 392
318 391
318 390
318 389
318 388
318 387
318 386
318 385
318 384
318 383
318 382
318 381
318 380
318 379
318 378
318 377
318 376
318 374
318 371
318 308
318 281
318 241
318 189
318 188
318 186
318 185
317 758
317 738
317 737
317 736
317 717
317 643
317 618
317 580
317 579
317 501
317 424
317 423
317 422
317 421
317 420
317 419
317 418
317 417
317 416
317 415
317 414
317 413
317 412
317 411
317 410
317 409
317 408
317 407
317 406
317 405
317 404
317 403
317 402
317 401
317 400
317 399
317 398
317 397
317 396
317 395
317 394
317 393
317 392
317 391
317 390
317 389
317 388
317 387
317 386
317 385
317 384
317 383
317 382
317 381
317 380
317 379
317 378
317 377
317 376
317 375
317 374
317 372
317 310
317 309
317 283
317 268
317 240
317 186
317 183
316 759
316 757
316 736
316 735
316 716
316 643
316 619
316 618
316 598
316 578
316 503
316 502
316 423
316 422
316 421
316 420
316 419
316 418
316 417
316 416
316 415
316 414
316 413
316 412
316 411
316 410
316 409
316 408
316 407
316 406
316 405
316 404
316 403
316 402
316 401
316 400
316 399
316 398
316 397
316 396
316 395
316 394
316 393
316 392
316 391
316 390
316 389
316 388
316 387
316 386
316 385
316 384
316 383
316 382
316 381
316 380
316 379
316 378
316 377
316 376
316 375
316 373
316 372
316 311
316 310
316 283
316 268
316 241
316 184
316 182
315 758
315 735
315 734
315 717
315 643
315 642
315 598
315 597
315 577
315 576
315 503
315 423
315 422
315 421
315 420
315 419
315 418
315 417
315 416
315 415
315 414
315 413
315 412
315 411
315 410
315 409
315 408
315 407
315 406
315 405
315 404
315 403
315 402
315 401
315 400
315 399
315 398
315 397
315 396
315 395
315 394
315 393
315 392
315 391
315 390
315 389
315 388
315 387
315 386
315 385
315 384
315 383
315 382
315 381
315 380
315 379
315 378
315 377
315 376
315 373
315 312
315 310
315 283
315 282
315 268
315 241
315 183
315 181
314 759
314 758
314 735
314 733
314 716
314 715
314 643
314 619
314 599
314 577
314 575
314 425
314 424
314 423
314 422
314 421
314 420
314 419
314 418
314 417
314 416
314 415
314 414
314 413
314 412
314 411
314 410
314 409
314 408
314 407
314 406
314 405
314 404
314 403
314 402
314 401
314 400
314 399
314 398
314 397
314 396
314 395
314 394
314 393
314 392
314 391
314 390
314 389
314 388
314 387
314 386
314 385
314 384
314 383
314 382
314 381
314 380
314 379
314 378
314 377
314 376
314 374
314 311
314 283
314 269
314 240
314 181
314 180
313 760
313 759
313 732
313 731
313 715
313 643
313 642
313 600
313 598
313 574
313 504
313 503
313 424
313 423
313 422
313 421
313 420
313 419
313 418
313 417
313 416
313 415
313 414
313 413
313 412
313 411
313 410
313 409
313 408
313 407
313 406
313 405
313 404
313 403
313 402
313 401
313 400
313 399
313 398
313 397
313 396
313 395
313 394
313 393
313 392
313 391
313 390
313 389
313 388
313 387
313 386
313 385
313 384
313 383
313 382
313 381
313 380
313 379
313 378
313 377
313 376
313 375
313 313
313 312
313 283
313 282
313 269
313 242
313 240
313 179
313 178
312 759
312 732
312 730
312 715
312 644
312 619
312 599
312 575
312 573
312 503
312 425
312 423
312 422
312 421
312 420
312 419
312 418
312 417
312 416
312 415
312 414
312 413
312 412
312 411
312 410
312 409
312 408
312 407
312 406
312 405
312 404
312 403
312 402
312 401
312 400
312 399
312 398
312 397
312 396
312 395
312 394
312 393
312 392
312 391
312 390
312 389
312 388
312 387
312 386
312 385
312 384
312 383
312 382
312 381
312 380
312 379
312 378
312 377
312 376
312 314
312 313
312 284
312 270
312 178
312 176
311 760
311 730
311 729
311 714
311 643
311 620
311 619
311 600
311 574
311 573
311 572
311 505
311 425
311 424
311 423
311 422
311 421
311 420
311 419
311 418
311 417
311 416
311 415
311 414
311 413
311 412
311 411
311 410
311 409
311 408
311 407
311 406
311 405
311 404
311 403
311 402
311 401
311 400
311 399
311 398
311 397
311 396
311 395
311 394
311 393
311 392
311 391
311 390
311 389
311 387
311 384
311 383
311 381
311 379
311 378
311 315
311 313
311 283
311 269
311 242
311 241
311 177
311 176
311 174
310 759
310 730
310 728
310 715
310 644
310 620
310 619
310 601
310 599
310 573
310 506
310 505
310 504
310 426
310 424
310 423
310 422
310 421
310 420
310 419
310 418
310 417
310 416
310 415
310 414
310 413
310 412
310 411
310 410
310 409
310 408
310 407
310 406
310 405
310 404
310 403
310 402
310 401
310 400
310 399
310 398
310 397
310 396
310 395
310 394
310 393
310 392
310 389
310 388
310 386
310 384
310 383
310 382
310 379
310 316
310 314
310 284
310 270
310 242
310 240
310 175
310 173
309 760
309 728
309 727
309 715
309 714
309 644
309 600
309 571
309 507
309 505
309 425
309 424
309 423
309 422
309 421
309 420
309 419
309 418
309 417
309 416
309 415
309 414
309 413
309 412
309 411
309 410
309 409
309 408
309 407
309 406
309 405
309 404
309 403
309 402
309 401
309 400
309 399
309 398
309 397
309 396
309 395
309 394
309 393
309 392
309 391
309 390
309 388
309 387
309 385
309 383
309 381
309 317
309 284
309 269
309 241
309 173
309 172
308 760
308 726
308 645
308 573
308 572
308 570
308 568
308 507
308 506
308 425
308 423
308 422
308 421
308 420
308 419
308 418
308 417
308 416
308 415
308 414
308 413
308 412
308 411
308 410
308 409
308 408
308 407
308 406
308 405
308 404
308 403
308 402
308 401
308 400
308 399
308 398
308 397
308 396
308 395
308 394
308 393
308 392
308 390
308 389
308 387
308 383
308 382
308 318
308 284
308 283
308 270
308 269
308 242
308 241
308 240
308 237
308 171
308 170
307 761
307 759
307 727
307 726
307 725
307 714
307 713
307 645
307 644
307 601
307 572
307 569
307 508
307 506
307 505
307 425
307 424
307 423
307 422
307 421
307 420
307 419
307 418
307 417
307 416
307 415
307 414
307 413
307 412
307 411
307 410
307 409
307 408
307 407
307 406
307 405
307 404
307 403
307 402
307 401
307 400
307 399
307 398
307 397
307 396
307 395
307 394
307 393
307 392
307 389
307 386
307 385
307 384
307 319
307 269
307 239
307 238
307 236
307 234
307 169
306 760
306 725
306 724
306 713
306 644
306 601
306 571
306 568
306 567
306 566
306 508
306 507
306 427
306 426
306 424
306 423
306 422
306 421
306 420
306 419
306 418
306 417
306 416
306 415
306 414
306 413
306 412
306 411
306 410
306 409
306 408
306 407
306 406
306 405
306 404
306 403
306 402
306 401
306 400
306 399
306 398
306 397
306 396
306 395
306 394
306 393
306 392
306 390
306 389
306 387
306 386
306 320
306 318
306 284
306 283
306 271
306 270
306 241
306 236
306 235
306 233
306 231
306 230
306 169
305 760
305 759
305 725
305 714
305 646
305 600
305 572
305 571
305 565
305 510
305 509
305 506
305 505
305 426
305 424
305 423
305 422
305 421
305 420
305 419
305 418
305 417
305 416
305 415
305 414
305 413
305 412
305 411
305 410
305 409
305 408
305 407
305 406
305 405
305 404
305 403
305 402
305 401
305 400
305 399
305 398
305 397
305 396
305 395
305 394
305 393
305 392
305 391
305 388
305 321
305 319
305 285
305 271
305 242
305 232
305 231
305 229
305 228
305 168
305 167
304 760
304 759
304 724
304 723
304 722
304 714
304 713
304 645
304 602
304 601
304 571
304 570
304 564
304 511
304 506
304 425
304 424
304 423
304 422
304 421
304 420
304 419
304 418
304 417
304 416
304 415
304 414
304 413
304 412
304 411
304 410
304 409
304 408
304 407
304 406
304 405
304 404
304 403
304 402
304 401
304 400
304 399
304 398
304 397
304 396
304 395
304 394
304 393
304 392
304 391
304 390
304 322
304 320
304 284
304 270
304 242
304 229
304 227
303 759
303 723
303 689
303 687
303 686
303 602
303 571
303 563
303 561
303 559
303 513
303 512
303 511
303 507
303 426
303 425
303 423
303 422
303 421
303 420
303 419
303 418
303 417
303 416
303 415
303 414
303 413
303 412
303 411
303 410
303 409
303 408
303 407
303 405
303 404
303 403
303 401
303 398
303 396
303 394
303 392
303 323
303 321
303 285
303 284
303 271
303 241
303 227
303 226
303 225
303 166
303 165
303 164
302 760
302 759
302 722
302 714
302 713
302 690
302 689
302 688
302 647
302 646
302 645
302 601
302 562
302 558
302 557
302 556
302 514
302 507
302 506
302 427
302 424
302 423
302 422
302 421
302 420
302 419
302 418
302 417
302 416
302 415
302 414
302 413
302 412
302 411
302 410
302 409
302 408
302 406
302 405
302 403
302 402
302 400
302 399
302 398
302 324
302 322
302 285
302 272
302 271
302 224
302 223
302 166
302 163
301 760
301 736
301 722
301 713
301 690
301 602
301 570
301 569
301 559
301 558
301 556
301 555
301 554
301 517
301 515
301 507
301 505
301 428
301 425
301 423
301 422
301 421
301 420
301 419
301 418
301 417
301 416
301 415
301 414
301 413
301 412
301 411
301 410
301 409
301 408
301 407
301 405
301 403
301 402
301 400
301 325
301 286
301 273
301 272
301 241
301 223
301 222
301 220
301 219
301 164
301 163
301 162
300 760
300 759
300 758
300 735
300 721
300 720
300 714
300 713
300 694
300 693
300 692
300 647
300 646
300 603
300 602
300 570
300 520
300 519
300 518
300 517
300 506
300 427
300 407
300 406
300 326
300 285
300 272
300 271
300 242
300 221
300 219
300 218
300 217
300 162
300 161
299 758
299 736
299 735
299 721
299 720
299 719
299 713
299 694
299 648
299 647
299 603
299 602
299 569
299 568
299 567
299 521
299 520
299 519
299 518
299 507
299 506
299 428
299 327
299 285
299 274
299 272
299 270
299 242
299 241
299 219
299 216
299 162
299 160
298 759
298 758
298 736
298 719
298 714
298 696
298 695
298 694
298 648
298 525
298 524
298 523
298 522
298 521
298 520
298 505
298 428
298 427
298 328
298 326
298 287
298 286
298 275
298 273
298 269
298 241
298 217
298 215
298 214
298 213
298 160
298 159
297 758
297 737
297 720
297 718
297 713
297 697
297 695
297 649
297 647
297 603
297 565
297 509
297 508
297 507
297 428
297 427
297 329
297 327
297 288
297 276
297 275
297 274
297 269
297 241
297 240
297 214
297 212
297 160
297 158
296 758
296 757
296 737
296 719
296 714
296 696
296 695
296 648
296 604
296 603
296 511
296 509
296 508
296 506
296 505
296 429
296 427
296 330
296 328
296 289
296 287
296 276
296 275
296 269
296 268
296 242
296 212
296 210
296 159
296 157
295 757
295 756
295 736
295 714
295 713
295 698
295 696
295 651
295 648
295 512
295 510
295 505
295 428
295 332
295 329
295 290
295 289
295 288
295 278
295 277
295 267
295 211
295 210
295 208
295 207
295 158
295 155
294 756
294 738
294 737
294 719
294 718
294 715
294 713
294 697
294 695
294 652
294 650
294 603
294 513
294 511
294 506
294 505
294 429
294 333
294 331
294 330
294 279
294 268
294 267
294 241
294 240
294 209
294 207
294 206
294 157
294 155
293 758
293 756
293 738
293 717
293 715
293 698
293 696
293 695
293 653
293 652
293 650
293 649
293 603
293 517
293 515
293 514
293 507
293 428
293 335
293 333
293 332
293 290
293 281
293 278
293 267
293 266
293 241
293 206
293 204
293 154
293 153
292 755
292 753
292 752
292 740
292 739
292 738
292 718
292 717
292 714
292 696
292 654
292 649
292 520
292 519
292 518
292 516
292 429
292 336
292 334
292 291
292 287
292 283
292 280
292 279
292 265
292 264
292 240
292 206
292 205
292 203
292 153
291 758
291 757
291 753
291 751
291 750
291 747
291 746
291 744
291 741
291 740
291 718
291 715
291 713
291 712
291 697
291 695
291 654
291 651
291 603
291 521
291 518
291 506
291 505
291 428
291 337
291 336
291 335
291 292
291 291
291 288
291 286
291 285
291 284
291 283
291 282
291 281
291 264
291 241
291 240
291 203
291 202
291 201
291 153
290 750
290 748
290 744
290 743
290 741
290 716
290 712
290 711
290 696
290 694
290 657
290 656
290 655
290 651
290 650
290 604
290 524
290 522
290 520
290 507
290 506
290 430
290 340
290 339
290 338
290 292
290 290
290 289
290 265
290 264
290 263
290 241
290 202
290 200
290 199
290 198
290 152
290 151
289 759
289 745
289 716
289 711
289 709
289 696
289 695
289 694
289 660
289 659
289 658
289 652
289 650
289 603
289 526
289 524
289 522
289 505
289 430
289 429
289 342
289 340
289 280
289 262
289 240
289 200
289 198
289 197
289 196
289 151
289 149
288 758
288 729
288 728
288 727
288 726
288 725
288 724
288 723
288 722
288 721
288 720
288 719
288 717
288 716
288 710
288 709
288 693
288 661
288 660
288 658
288 529
288 528
288 526
288 525
288 506
288 505
288 429
288 343
288 341
288 340
288 281
288 278
288 263
288 261
288 196
288 150
288 149
287 759
287 730
287 728
287 727
287 726
287 725
287 724
287 723
287 722
287 721
287 720
287 719
287 716
287 709
287 708
287 706
287 693
287 691
287 663
287 661
287 660
287 652
287 651
287 604
287 602
287 600
287 531
287 528
287 506
287 429
287 346
287 344
287 343
287 342
287 281
287 279
287 278
287 261
287 239
287 195
287 193
287 149
287 148
287 147
286 758
286 733
286 732
286 729
286 718
286 716
286 707
286 704
286 666
286 664
286 663
286 653
286 652
286 604
286 603
286 601
286 600
286 598
286 597
286 595
286 594
286 592
286 538
286 537
286 536
286 534
286 532
286 530
286 529
286 505
286 430
286 429
286 347
286 345
286 281
286 280
286 277
286 275
286 260
286 240
286 239
286 194
286 146
285 758
285 757
285 734
285 731
285 716
285 714
285 713
285 705
285 703
285 702
285 669
285 667
285 666
285 664
285 652
285 603
285 600
285 599
285 596
285 593
285 591
285 590
285 588
285 586
285 585
285 583
285 544
285 543
285 541
285 540
285 538
285 536
285 535
285 533
285 506
285 431
285 349
285 348
285 346
285 280
285 276
285 275
285 274
285 260
285 259
285 258
285 240
285 193
285 191
285 190
285 147
285 146
284 758
284 757
284 735
284 734
284 711
284 704
284 701
284 671
284 667
284 653
284 605
284 604
284 603
284 590
284 587
284 585
284 583
284 581
284 580
284 578
284 576
284 575
284 574
284 572
284 569
284 557
284 554
284 551
284 549
284 548
284 543
284 540
284 539
284 506
284 505
284 431
284 352
284 350
284 349
284 280
284 274
284 273
284 258
284 240
284 239
284 238
284 191
284 189
284 146
284 145
284 144
283 757
283 736
283 735
283 712
283 710
283 702
283 700
283 675
283 672
283 670
283 669
283 654
283 580
283 578
283 574
283 573
283 572
283 571
283 570
283 569
283 567
283 566
283 565
283 564
283 563
283 562
283 561
283 560
283 559
283 557
283 556
283 554
283 552
283 550
283 547
283 546
283 545
283 544
283 506
283 430
283 354
283 353
283 351
283 350
283 281
283 272
283 271
283 257
283 256
283 238
283 189
283 188
283 145
282 758
282 756
282 737
282 736
282 711
282 699
282 697
282 696
282 677
282 675
282 674
282 672
282 655
282 605
282 604
282 570
282 569
282 567
282 566
282 565
282 564
282 563
282 562
282 561
282 560
282 559
282 555
282 506
282 431
282 430
282 355
282 354
282 352
282 281
282 270
282 256
282 255
282 254
282 253
282 239
282 238
282 188
282 186
282 144
282 143
281 757
281 738
281 735
281 710
281 709
281 696
281 694
281 692
281 682
281 681
281 678
281 676
281 655
281 603
281 505
281 431
281 358
281 357
281 356
281 283
281 282
281 269
281 268
281 267
281 254
281 252
281 238
281 187
281 186
281 184
281 143
281 141
280 741
280 739
280 737
280 736
280 734
280 732
280 730
280 708
280 695
280 694
280 693
280 692
280 690
280 687
280 686
280 685
280 683
280 680
280 679
280 656
280 605
280 604
280 505
280 430
280 362
280 361
280 359
280 358
280 283
280 267
280 265
280 252
280 250
280 238
280 237
280 184
280 183
280 182
280 142
280 141
279 756
279 743
279 741
279 740
279 739
279 737
279 735
279 732
279 730
279 728
279 727
279 708
279 691
279 689
279 686
279 685
279 684
279 605
279 505
279 366
279 362
279 361
279 285
279 283
279 267
279 265
279 251
279 250
279 248
279 238
279 237
279 183
279 181
279 141
279 140
278 755
278 754
278 742
278 741
278 730
278 729
278 726
278 725
278 707
278 605
278 500
278 498
278 432
278 369
278 367
278 366
278 365
278 364
278 363
278 285
278 265
278 264
278 262
278 249
278 247
278 246
278 236
278 182
278 179
278 140
278 139
277 755
277 753
277 752
277 745
277 744
277 727
277 726
277 725
277 723
277 708
277 707
277 685
277 684
277 605
277 505
277 499
277 432
277 431
277 373
277 372
277 370
277 369
277 368
277 367
277 263
277 261
277 247
277 245
277 237
277 236
277 181
277 180
277 179
277 139
277 137
276 755
276 754
276 753
276 751
276 748
276 746
276 745
276 724
276 708
276 706
276 685
276 683
276 605
276 506
276 500
276 432
276 378
276 377
276 376
276 375
276 373
276 371
276 287
276 262
276 259
276 246
276 244
276 242
276 236
276 235
276 233
276 179
276 178
276 177
276 176
276 137
276 135
275 756
275 752
275 750
275 749
275 747
275 745
275 722
275 721
275 683
275 605
275 506
275 505
275 501
275 500
275 499
275 433
275 431
275 382
275 380
275 378
275 377
275 376
275 374
275 286
275 261
275 260
275 242
275 236
275 234
275 231
275 176
275 137
275 136
275 135
274 756
274 755
274 748
274 747
274 746
274 721
274 706
274 684
274 605
274 505
274 501
274 433
274 432
274 386
274 384
274 382
274 381
274 379
274 288
274 287
274 259
274 258
274 257
274 242
274 241
274 240
274 234
274 232
274 231
274 176
274 175
274 173
274 134
273 755
273 720
273 707
273 690
273 689
273 687
273 685
273 684
273 605
273 505
273 504
273 502
273 501
273 430
273 427
273 425
273 394
273 393
273 391
273 389
273 388
273 384
273 383
273 288
273 258
273 257
273 255
273 240
273 239
273 235
273 233
273 230
273 229
273 175
273 174
273 172
273 135
273 134
273 133
272 756
272 748
272 721
272 706
272 693
272 692
272 690
272 688
272 686
272 683
272 605
272 506
272 502
272 433
272 432
272 431
272 430
272 429
272 427
272 426
272 423
272 422
272 421
272 420
272 419
272 418
272 417
272 416
272 415
272 414
272 413
272 412
272 411
272 410
272 409
272 408
272 407
272 406
272 405
272 404
272 403
272 402
272 401
272 400
272 399
272 398
272 397
272 395
272 392
272 390
272 388
272 386
272 289
272 256
272 255
272 254
272 237
272 234
272 233
272 229
272 228
272 227
272 173
272 171
272 132
271 756
271 754
271 749
271 748
271 721
271 719
271 707
271 706
271 695
271 693
271 690
271 684
271 683
271 605
271 505
271 504
271 502
271 501
271 432
271 426
271 425
271 423
271 422
271 421
271 420
271 419
271 418
271 417
271 416
271 415
271 414
271 413
271 412
271 411
271 410
271 409
271 408
271 407
271 406
271 405
271 404
271 403
271 402
271 401
271 400
271 399
271 397
271 300
271 299
271 297
271 291
271 289
271 255
271 254
271 253
271 235
271 234
271 233
271 232
271 228
271 227
271 171
271 132
271 130
270 749
270 720
270 719
270 705
270 696
270 694
270 684
270 605
270 506
270 504
270 503
270 433
270 304
270 303
270 302
270 300
270 299
270 296
270 294
270 291
270 290
270 254
270 233
270 227
270 226
270 225
270 170
270 130
269 755
269 754
269 748
269 707
269 700
269 699
269 697
269 696
269 683
269 605
269 504
269 503
269 432
269 305
269 301
269 296
269 295
269 292
269 252
269 250
269 232
269 231
269 230
269 226
269 224
269 169
269 168
269 167
269 130
269 129
268 753
268 749
268 719
268 718
268 706
268 702
268 701
268 700
268 698
268 683
268 682
268 605
268 505
268 504
268 503
268 502
268 434
268 305
268 304
268 293
268 291
268 290
268 251
268 231
268 223
268 221
268 167
268 166
268 165
268 129
268 127
267 754
267 752
267 751
267 748
267 707
267 703
267 700
267 683
267 682
267 605
267 505
267 503
267 434
267 433
267 291
267 289
267 250
267 249
267 221
267 165
267 128
267 127
267 126
266 752
266 750
266 707
266 706
266 704
266 702
266 682
266 605
266 505
266 434
266 290
266 288
266 248
266 247
266 246
266 220
266 218
266 217
266 164
266 163
266 126
265 749
265 745
265 744
265 743
265 706
265 704
265 683
265 605
265 504
265 503
265 433
265 289
265 245
265 219
265 216
265 163
265 161
265 125
265 123
264 752
264 750
264 749
264 748
264 747
264 744
264 742
264 707
264 706
264 682
264 605
264 505
264 504
264 434
264 289
264 288
264 244
264 217
264 215
264 214
264 162
264 161
264 160
264 125
264 124
263 753
263 752
263 751
263 750
263 741
263 740
263 706
263 690
263 688
263 683
263 605
263 505
263 434
263 289
263 288
263 244
263 243
263 242
263 215
263 214
263 213
263 212
263 161
263 160
263 159
263 122
263 121
262 738
262 692
262 691
262 682
262 605
262 506
262 435
262 427
262 241
262 213
262 212
262 210
262 159
262 158
262 157
262 122
262 120
261 756
261 755
261 754
261 738
261 736
261 708
261 707
261 694
261 692
261 682
261 605
261 506
261 434
261 426
261 288
261 240
261 239
261 211
261 209
261 158
261 120
260 737
260 736
260 708
260 707
260 695
260 693
260 683
260 604
260 507
260 506
260 435
260 434
260 426
260 425
260 290
260 289
260 240
260 238
260 209
260 208
260 207
260 206
260 157
260 156
260 155
260 118
259 756
259 737
259 736
259 697
259 696
259 695
259 682
259 681
259 604
259 506
259 435
259 434
259 425
259 423
259 290
259 239
259 238
259 237
259 208
259 206
259 205
259 155
259 154
259 153
259 119
259 118
259 116
258 758
258 736
258 735
258 710
258 709
258 698
258 696
258 682
258 604
258 506
258 435
258 424
258 290
258 289
258 237
258 236
258 234
258 205
258 204
258 202
258 153
258 152
258 117
258 116
257 757
257 699
257 698
257 697
257 682
257 605
257 603
257 507
257 436
257 424
257 423
257 422
257 236
257 235
257 233
257 203
257 201
257 152
257 151
257 150
257 116
257 115
256 759
256 757
256 734
256 710
256 709
256 697
256 681
256 604
256 508
256 436
256 435
256 422
256 421
256 292
256 290
256 233
256 202
256 200
256 199
256 198
256 150
256 148
256 114
256 113
256 112
255 759
255 735
255 734
255 712
255 711
255 709
255 699
255 680
255 603
255 509
255 488
255 487
255 485
255 483
255 482
255 481
255 480
255 479
255 478
255 437
255 435
255 423
255 421
255 327
255 326
255 325
255 324
255 323
255 322
255 321
255 320
255 319
255 317
255 315
255 314
255 313
255 312
255 310
255 309
255 292
255 233
255 232
255 198
255 197
255 149
255 147
255 111
254 758
254 713
254 710
254 698
254 681
254 509
254 491
254 488
254 487
254 483
254 481
254 479
254 477
254 475
254 474
254 437
254 436
254 422
254 420
254 338
254 337
254 336
254 335
254 333
254 332
254 331
254 329
254 327
254 326
254 325
254 324
254 323
254 322
254 321
254 320
254 319
254 315
254 313
254 311
254 308
254 307
254 306
254 293
254 231
254 228
254 196
254 194
254 148
254 147
254 145
254 112
254 110
253 759
253 758
253 713
253 712
253 711
253 700
253 699
253 681
253 680
253 604
253 508
253 474
253 472
253 471
253 437
253 422
253 420
253 344
253 343
253 341
253 340
253 338
253 336
253 334
253 331
253 330
253 329
253 310
253 308
253 305
253 294
253 292
253 229
253 228
253 196
253 195
253 193
253 146
253 144
253 111
253 109
253 108
252 759
252 714
252 712
252 710
252 700
252 699
252 604
252 510
252 509
252 508
252 493
252 492
252 478
252 475
252 473
252 469
252 468
252 438
252 436
252 422
252 421
252 419
252 351
252 350
252 348
252 347
252 346
252 344
252 343
252 340
252 339
252 309
252 306
252 304
252 303
252 227
252 192
252 191
252 190
252 189
252 145
252 142
252 108
252 107
251 758
251 715
251 713
251 711
251 710
251 700
251 698
251 680
251 679
251 603
251 492
251 479
251 478
251 477
251 474
251 472
251 471
251 469
251 468
251 466
251 438
251 420
251 356
251 355
251 352
251 351
251 349
251 348
251 347
251 345
251 344
251 311
251 310
251 304
251 295
251 294
251 293
251 226
251 225
251 224
251 191
251 189
251 187
251 144
251 143
251 141
251 108
251 106
251 105
250 760
250 759
250 716
250 715
250 714
250 712
250 711
250 710
250 698
250 680
250 679
250 604
250 602
250 509
250 508
250 494
250 477
250 476
250 474
250 473
250 470
250 468
250 467
250 466
250 438
250 437
250 436
250 421
250 420
250 362
250 360
250 359
250 357
250 355
250 354
250 352
250 351
250 310
250 225
250 222
250 188
250 186
250 185
250 184
250 142
250 140
250 106
249 759
249 717
249 712
249 699
249 697
249 680
249 603
249 510
249 493
249 480
249 479
249 478
249 476
249 475
249 472
249 469
249 466
249 465
249 463
249 439
249 437
249 421
249 368
249 367
249 365
249 364
249 360
249 359
249 358
249 357
249 312
249 311
249 297
249 296
249 295
249 224
249 221
249 183
249 140
249 138
249 104
249 103
249 102
248 759
248 758
248 717
248 716
248 710
248 699
248 697
248 679
248 603
248 508
248 494
248 493
248 479
248 477
248 473
248 471
248 469
248 468
248 465
248 438
248 436
248 420
248 419
248 372
248 370
248 369
248 368
248 366
248 364
248 362
248 311
248 298
248 297
248 222
248 220
248 184
248 182
248 181
248 180
248 139
248 138
248 136
248 102
248 100
247 758
247 717
247 713
247 711
247 698
247 696
247 679
247 678
247 602
247 525
247 509
247 493
247 481
247 480
247 479
247 478
247 476
247 475
247 473
247 472
247 470
247 468
247 466
247 464
247 463
247 461
247 440
247 439
247 436
247 421
247 419
247 375
247 374
247 372
247 370
247 369
247 368
247 313
247 299
247 297
247 219
247 181
247 179
247 177
247 138
247 135
247 134
247 101
246 759
246 721
246 720
246 719
246 713
246 712
246 710
246 697
246 678
246 602
246 553
246 525
246 508
246 494
246 492
246 482
246 478
246 477
246 474
246 472
246 471
246 467
246 465
246 463
246 461
246 440
246 435
246 434
246 421
246 420
246 419
246 379
246 372
246 300
246 298
246 219
246 218
246 217
246 178
246 177
246 176
246 175
246 136
246 135
246 133
246 100
246 99
245 758
245 722
245 720
245 714
245 711
245 696
245 695
245 677
245 603
245 602
245 553
245 552
245 550
245 549
245 530
245 529
245 527
245 526
245 509
245 508
245 494
245 492
245 491
245 490
245 481
245 479
245 477
245 475
245 460
245 434
245 419
245 382
245 381
245 378
245 376
245 312
245 301
245 217
245 216
245 214
245 175
245 174
245 173
245 172
245 170
245 134
245 133
245 132
245 131
245 97
245 95
244 759
244 758
244 723
244 722
244 713
244 711
244 695
244 694
244 603
244 602
244 552
244 551
244 548
244 547
244 545
244 534
244 532
244 531
244 528
244 509
244 507
244 493
244 489
244 483
244 482
244 480
244 476
244 474
244 473
244 460
244 459
244 442
244 440
244 433
244 421
244 420
244 387
244 386
244 384
244 383
244 381
244 380
244 379
244 377
244 314
244 302
244 215
244 212
244 172
244 171
244 169
244 168
244 167
244 166
244 165
244 130
244 97
244 95
243 759
243 725
243 724
243 714
243 713
243 712
243 693
243 678
243 603
243 549
243 548
243 546
243 545
243 543
243 542
243 539
243 538
243 537
243 536
243 534
243 533
243 531
243 530
243 508
243 507
243 496
243 495
243 488
243 487
243 483
243 481
243 480
243 479
243 477
243 476
243 459
243 442
243 441
243 440
243 433
243 419
243 392
243 391
243 390
243 389
243 388
243 386
243 385
243 382
243 380
243 379
243 376
243 375
243 373
243 314
243 303
243 214
243 213
243 212
243 210
243 167
243 166
243 165
243 163
243 161
243 131
243 129
243 128
243 95
243 94
243 93
243 92
242 757
242 726
242 725
242 723
242 714
242 713
242 677
242 602
242 601
242 545
242 543
242 541
242 540
242 538
242 536
242 534
242 508
242 488
242 484
242 482
242 480
242 479
242 478
242 477
242 475
242 459
242 458
242 442
242 441
242 432
242 421
242 394
242 392
242 387
242 384
242 382
242 381
242 380
242 378
242 377
242 374
242 372
242 314
242 304
242 302
242 212
242 211
242 209
242 208
242 164
242 162
242 161
242 159
242 157
242 155
242 128
242 127
242 126
242 92
242 91
242 90
241 758
241 757
241 726
241 715
241 714
241 712
241 676
241 539
241 537
241 536
241 506
241 497
241 496
241 488
241 482
241 480
241 479
241 476
241 474
241 458
241 442
241 432
241 421
241 398
241 396
241 394
241 391
241 390
241 389
241 387
241 385
241 384
241 383
241 381
241 379
241 377
241 376
241 374
241 372
241 371
241 315
241 306
241 305
241 303
241 208
241 206
241 160
241 158
241 157
241 155
241 154
241 153
241 150
241 149
241 127
241 125
241 124
241 92
241 89
240 758
240 740
240 739
240 729
240 728
240 727
240 726
240 716
240 714
240 713
240 676
240 601
240 506
240 498
240 497
240 487
240 486
240 485
240 484
240 483
240 481
240 478
240 477
240 476
240 459
240 458
240 443
240 442
240 433
240 420
240 398
240 396
240 395
240 393
240 388
240 386
240 385
240 384
240 383
240 382
240 380
240 379
240 377
240 375
240 373
240 371
240 316
240 307
240 207
240 205
240 204
240 154
240 152
240 151
240 149
240 147
240 144
240 142
240 140
240 139
240 132
240 125
240 123
240 90
240 88
239 758
239 757
239 740
239 729
239 728
239 717
239 715
239 713
239 676
239 602
239 506
239 498
239 497
239 486
239 485
239 483
239 482
239 480
239 479
239 476
239 474
239 457
239 432
239 431
239 421
239 420
239 402
239 401
239 400
239 399
239 397
239 395
239 394
239 392
239 391
239 389
239 387
239 386
239 384
239 383
239 382
239 381
239 380
239 379
239 377
239 374
239 373
239 371
239 318
239 317
239 316
239 308
239 306
239 205
239 203
239 149
239 147
239 146
239 144
239 142
239 141
239 139
239 138
239 136
239 135
239 134
239 133
239 132
239 131
239 130
239 129
239 128
239 126
239 124
239 123
239 121
239 87
238 756
238 740
238 732
238 730
238 716
238 714
238 675
238 602
238 601
238 505
238 487
238 485
238 483
238 481
238 479
238 476
238 474
238 468
238 458
238 457
238 444
238 431
238 422
238 405
238 404
238 401
238 400
238 398
238 396
238 394
238 393
238 392
238 390
238 388
238 383
238 380
238 379
238 377
238 376
238 373
238 372
238 319
238 317
238 309
238 308
238 203
238 201
238 137
238 135
238 134
238 133
238 132
238 131
238 130
238 129
238 128
238 127
238 125
238 122
238 121
238 118
238 87
238 86
238 85
237 756
237 739
237 733
237 732
237 731
237 717
237 715
237 675
237 601
237 600
237 504
237 500
237 499
237 498
237 486
237 477
237 475
237 468
237 467
237 465
237 457
237 444
237 432
237 431
237 407
237 406
237 405
237 404
237 403
237 402
237 401
237 398
237 397
237 394
237 392
237 391
237 382
237 379
237 377
237 376
237 375
237 373
237 372
237 371
237 320
237 318
237 312
237 311
237 310
237 309
237 202
237 201
237 200
237 199
237 120
237 119
237 118
237 117
237 116
237 86
237 84
236 757
236 756
236 740
236 736
236 734
236 733
236 718
236 717
236 674
236 673
236 601
236 504
236 503
236 500
236 486
236 477
236 476
236 473
236 464
236 463
236 461
236 459
236 458
236 446
236 445
236 432
236 431
236 408
236 407
236 403
236 400
236 399
236 396
236 395
236 394
236 381
236 380
236 378
236 376
236 373
236 371
236 321
236 319
236 313
236 312
236 311
236 310
236 197
236 196
236 116
236 115
236 114
236 113
236 84
236 83
235 755
235 740
235 739
235 737
235 735
235 719
235 718
235 674
235 600
235 537
235 536
235 535
235 534
235 532
235 501
235 500
235 487
235 475
235 474
235 472
235 462
235 461
235 460
235 457
235 446
235 431
235 410
235 408
235 406
235 405
235 403
235 402
235 399
235 397
235 394
235 383
235 379
235 377
235 376
235 375
235 374
235 372
235 322
235 321
235 320
235 314
235 312
235 195
235 194
235 115
235 114
235 113
235 112
235 111
235 84
235 82
234 755
234 739
234 737
234 721
234 720
234 718
234 673
234 601
234 600
234 539
234 537
234 534
234 532
234 503
234 501
234 487
234 474
234 473
234 472
234 471
234 445
234 432
234 431
234 412
234 411
234 409
234 407
234 405
234 404
234 401
234 399
234 396
234 395
234 393
234 382
234 381
234 380
234 378
234 376
234 374
234 372
234 323
234 321
234 316
234 314
234 313
234 195
234 194
234 193
234 191
234 112
234 111
234 83
234 82
233 755
233 753
233 739
233 722
233 720
233 673
233 672
233 671
233 599
233 542
233 540
233 538
233 537
233 531
233 530
233 529
233 525
233 523
233 504
233 502
233 486
233 474
233 473
233 470
233 469
233 458
233 445
233 444
233 432
233 431
233 414
233 413
233 412
233 411
233 409
233 408
233 407
233 405
233 403
233 401
233 400
233 399
233 397
233 396
233 395
233 384
233 383
233 380
233 379
233 378
233 377
233 375
233 374
233 324
233 323
233 322
233 318
233 315
233 192
233 188
233 111
233 81
232 753
232 738
232 723
232 600
232 543
232 541
232 540
232 528
232 527
232 526
232 525
232 523
232 521
232 505
232 503
232 487
232 472
232 471
232 468
232 458
232 443
232 431
232 415
232 413
232 410
232 408
232 407
232 405
232 403
232 402
232 401
232 399
232 398
232 395
232 394
232 393
232 385
232 383
232 382
232 381
232 379
232 378
232 376
232 375
232 374
232 373
232 325
232 323
232 320
232 319
232 317
232 190
232 189
232 188
232 187
232 185
232 82
231 753
231 752
231 671
231 545
231 542
231 529
231 528
231 526
231 523
231 522
231 521
231 520
231 519
231 517
231 516
231 506
231 505
231 504
231 488
231 470
231 468
231 466
231 465
231 458
231 443
231 441
231 432
231 431
231 417
231 416
231 415
231 414
231 413
231 412
231 411
231 410
231 409
231 408
231 407
231 406
231 405
231 404
231 403
231 402
231 401
231 400
231 399
231 398
231 397
231 396
231 395
231 394
231 393
231 392
231 390
231 387
231 386
231 384
231 383
231 380
231 378
231 376
231 326
231 325
231 322
231 320
231 319
231 318
231 187
231 186
231 185
231 183
231 82
231 80
230 753
230 739
230 737
230 670
230 669
230 600
230 599
230 545
230 544
230 526
230 518
230 515
230 505
230 487
230 469
230 468
230 467
230 465
230 464
230 463
230 458
230 441
230 440
230 439
230 433
230 432
230 418
230 415
230 414
230 413
230 412
230 411
230 410
230 409
230 408
230 407
230 406
230 405
230 404
230 403
230 402
230 401
230 400
230 399
230 398
230 397
230 396
230 395
230 394
230 393
230 392
230 391
230 389
230 387
230 386
230 385
230 382
230 378
230 377
230 375
230 327
230 325
230 322
230 321
230 320
230 184
230 182
230 180
230 81
230 80
229 751
229 738
229 669
229 599
229 598
229 547
229 546
229 527
229 526
229 525
229 516
229 514
229 508
229 507
229 506
229 488
229 487
229 468
229 467
229 466
229 464
229 462
229 460
229 459
229 439
229 437
229 433
229 419
229 417
229 416
229 415
229 414
229 413
229 412
229 411
229 410
229 409
229 408
229 407
229 406
229 405
229 404
229 403
229 402
229 401
229 400
229 399
229 398
229 397
229 396
229 395
229 394
229 393
229 392
229 390
229 389
229 388
229 386
229 384
229 383
229 381
229 380
229 379
229 376
229 329
229 327
229 326
229 324
229 323
229 322
229 181
229 179
229 178
229 176
229 82
229 80
228 752
228 751
228 750
228 738
228 737
228 668
228 599
228 547
228 525
228 514
228 512
228 509
228 488
228 487
228 466
228 465
228 461
228 438
228 436
228 435
228 433
228 432
228 421
228 420
228 419
228 416
228 415
228 414
228 413
228 412
228 411
228 410
228 409
228 408
228 407
228 406
228 405
228 404
228 403
228 402
228 401
228 400
228 399
228 398
228 397
228 396
228 395
228 394
228 393
228 392
228 391
228 390
228 389
228 387
228 386
228 384
228 383
228 380
228 378
228 331
228 329
228 326
228 325
228 179
228 176
228 175
228 174
228 173
228 81
227 751
227 738
227 736
227 668
227 667
227 599
227 598
227 548
227 547
227 525
227 524
227 512
227 508
227 488
227 487
227 464
227 463
227 461
227 436
227 434
227 432
227 422
227 418
227 417
227 416
227 415
227 414
227 413
227 412
227 411
227 410
227 409
227 408
227 407
227 406
227 405
227 404
227 403
227 402
227 401
227 400
227 399
227 398
227 397
227 396
227 395
227 394
227 393
227 392
227 390
227 388
227 387
227 386
227 385
227 383
227 381
227 380
227 331
227 329
227 326
227 174
227 171
227 169
227 168
227 81
226 750
226 736
226 668
226 597
226 548
226 547
226 525
226 523
226 510
226 488
226 464
226 463
226 462
226 435
226 434
226 432
226 431
226 424
226 423
226 422
226 420
226 419
226 418
226 416
226 415
226 414
226 413
226 412
226 411
226 410
226 409
226 408
226 407
226 406
226 405
226 404
226 403
226 402
226 401
226 400
226 399
226 398
226 397
226 396
226 395
226 394
226 393
226 392
226 391
226 389
226 388
226 385
226 384
226 382
226 332
226 330
226 172
226 171
226 169
226 167
226 165
226 84
225 749
225 667
225 666
225 665
225 597
225 549
225 548
225 524
225 523
225 509
225 488
225 433
225 432
225 430
225 422
225 420
225 417
225 415
225 414
225 413
225 412
225 411
225 410
225 409
225 408
225 407
225 406
225 405
225 404
225 403
225 402
225 401
225 400
225 399
225 398
225 397
225 396
225 395
225 394
225 393
225 392
225 391
225 389
225 387
225 386
225 384
225 383
225 381
225 334
225 332
225 168
225 167
225 166
225 165
225 164
225 163
225 161
225 160
225 86
225 83
225 82
224 748
224 737
224 736
224 666
224 664
224 598
224 550
224 538
224 523
224 509
224 508
224 490
224 489
224 431
224 428
224 425
224 424
224 423
224 422
224 420
224 418
224 416
224 415
224 414
224 413
224 412
224 411
224 410
224 409
224 408
224 407
224 406
224 405
224 404
224 403
224 402
224 401
224 400
224 399
224 398
224 397
224 396
224 395
224 394
224 393
224 392
224 390
224 388
224 386
224 384
224 337
224 336
224 335
224 162
224 160
224 158
224 157
224 156
224 155
224 154
224 89
224 88
224 87
224 85
223 749
223 747
223 736
223 735
223 663
223 598
223 596
223 549
223 540
223 538
223 522
223 509
223 491
223 490
223 428
223 426
223 425
223 424
223 422
223 421
223 419
223 416
223 415
223 413
223 412
223 411
223 409
223 408
223 404
223 403
223 402
223 400
223 399
223 396
223 393
223 391
223 390
223 389
223 337
223 336
223 159
223 156
223 154
223 152
223 151
223 149
223 91
223 88
223 87
223 86
222 748
222 736
222 734
222 664
222 662
222 597
222 596
222 550
222 540
222 523
222 507
222 492
222 490
222 428
222 427
222 426
222 424
222 423
222 421
222 420
222 417
222 416
222 415
222 414
222 413
222 411
222 410
222 409
222 408
222 407
222 406
222 405
222 404
222 403
222 398
222 397
222 396
222 394
222 392
222 391
222 390
222 389
222 387
222 340
222 338
222 337
222 154
222 153
222 150
222 149
222 148
222 146
222 145
222 143
222 142
222 140
222 139
222 137
222 101
222 99
222 97
222 96
222 94
222 92
222 90
222 89
221 747
221 746
221 735
221 734
221 663
221 662
221 596
221 550
221 542
221 540
221 522
221 491
221 425
221 422
221 420
221 419
221 417
221 415
221 413
221 410
221 406
221 403
221 402
221 401
221 399
221 398
221 396
221 394
221 392
221 391
221 342
221 340
221 339
221 148
221 146
221 144
221 143
221 141
221 138
221 136
221 135
221 134
221 132
221 130
221 129
221 127
221 126
221 125
221 124
221 123
221 122
221 121
221 120
221 119
221 118
221 117
221 116
221 115
221 114
221 113
221 112
221 111
221 110
221 109
221 108
221 107
221 106
221 105
221 104
221 102
221 100
221 99
221 97
221 95
221 93
220 746
220 745
220 735
220 733
220 661
220 595
220 550
220 541
220 522
220 493
220 492
220 425
220 424
220 423
220 420
220 418
220 416
220 415
220 414
220 413
220 411
220 408
220 407
220 405
220 400
220 398
220 396
220 395
220 394
220 393
220 392
220 344
220 343
220 342
220 134
220 131
220 129
220 127
220 126
220 125
220 124
220 123
220 122
220 121
220 120
220 119
220 118
220 117
220 116
220 115
220 114
220 113
220 112
220 111
220 110
220 109
220 108
220 107
220 106
220 105
220 104
220 103
220 101
220 98
219 745
219 734
219 733
219 660
219 596
219 595
219 551
219 550
219 522
219 492
219 424
219 422
219 421
219 419
219 417
219 416
219 414
219 412
219 410
219 409
219 406
219 405
219 404
219 403
219 402
219 401
219 397
219 396
219 345
219 344
219 343
218 744
218 733
218 660
218 658
218 596
218 550
218 544
218 543
218 494
218 493
218 492
218 421
218 419
218 418
218 417
218 415
218 414
218 412
218 410
218 409
218 408
218 407
218 404
218 402
218 401
218 399
218 347
218 345
217 743
217 742
217 732
217 731
217 658
217 657
217 596
217 594
217 550
217 545
217 543
217 496
217 495
217 420
217 419
217 418
217 416
217 415
217 412
217 411
217 410
217 408
217 405
217 403
217 349
217 348
217 346
216 743
216 741
216 730
216 658
216 656
216 595
216 549
216 547
216 544
216 492
216 491
216 419
216 418
216 417
216 416
216 415
216 414
216 353
216 352
216 351
216 350
216 349
216 348
215 742
215 740
215 731
215 730
215 678
215 676
215 675
215 674
215 655
215 654
215 614
215 594
215 549
215 547
215 545
215 498
215 496
215 491
215 490
215 417
215 416
215 415
215 413
215 355
215 354
215 352
215 351
215 350
214 730
214 685
214 684
214 683
214 680
214 678
214 677
214 676
214 675
214 673
214 656
214 655
214 653
214 614
214 593
214 555
214 554
214 552
214 551
214 549
214 547
214 498
214 497
214 490
214 414
214 412
214 358
214 357
214 355
214 353
213 740
213 739
213 728
213 689
213 687
213 685
213 683
213 681
213 679
213 678
213 651
213 613
213 593
213 560
213 557
213 555
213 552
213 551
213 549
213 500
213 498
213 490
213 489
213 488
213 413
213 411
213 410
213 360
213 358
213 356
212 740
212 739
212 738
212 737
212 727
212 726
212 698
212 696
212 694
212 693
212 691
212 690
212 689
212 688
212 687
212 685
212 684
212 683
212 653
212 651
212 614
212 592
212 565
212 564
212 560
212 559
212 558
212 556
212 548
212 500
212 489
212 410
212 409
212 407
212 406
212 363
212 362
212 361
212 360
212 359
212 358
211 737
211 727
211 726
211 708
211 706
211 704
211 703
211 701
211 700
211 699
211 697
211 696
211 695
211 692
211 691
211 683
211 682
211 681
211 650
211 649
211 614
211 613
211 592
211 591
211 585
211 578
211 573
211 570
211 569
211 566
211 563
211 561
211 550
211 549
211 548
211 501
211 488
211 487
211 409
211 408
211 407
211 405
211 368
211 366
211 364
211 363
211 361
210 737
210 735
210 734
210 732
210 720
210 719
210 718
210 715
210 714
210 713
210 712
210 709
210 708
210 707
210 705
210 702
210 699
210 683
210 682
210 680
210 650
210 649
210 647
210 613
210 592
210 590
210 589
210 588
210 586
210 584
210 583
210 582
210 580
210 578
210 577
210 576
210 574
210 573
210 571
210 568
210 567
210 565
210 552
210 551
210 550
210 549
210 503
210 502
210 405
210 404
210 403
210 401
210 372
210 371
210 369
210 368
210 367
210 366
209 735
209 734
209 731
209 730
209 728
209 727
209 726
209 725
209 722
209 721
209 718
209 717
209 716
209 714
209 712
209 711
209 710
209 709
209 680
209 679
209 676
209 675
209 672
209 648
209 647
209 645
209 612
209 591
209 588
209 586
209 582
209 580
209 577
209 574
209 573
209 570
209 569
209 568
209 566
209 553
209 550
209 504
209 502
209 486
209 402
209 401
209 399
209 397
209 394
209 393
209 377
209 376
209 374
209 373
209 371
209 370
209 369
208 732
208 729
208 728
208 727
208 723
208 722
208 721
208 720
208 677
208 676
208 674
208 673
208 671
208 669
208 668
208 665
208 646
208 645
208 643
208 642
208 613
208 590
208 570
208 568
208 567
208 566
208 553
208 552
208 549
208 503
208 487
208 486
208 401
208 399
208 398
208 396
208 395
208 393
208 392
208 391
208 390
208 389
208 388
208 387
208 386
208 385
208 384
208 383
208 381
208 379
208 378
208 377
208 373
207 673
207 672
207 671
207 668
207 666
207 664
207 663
207 662
207 661
207 660
207 659
207 658
207 657
207 656
207 652
207 650
207 649
207 648
207 646
207 644
207 643
207 641
207 613
207 612
207 569
207 568
207 567
207 554
207 520
207 505
207 504
207 486
207 393
207 392
207 391
207 390
207 389
207 388
207 387
207 386
207 385
207 384
207 382
207 381
207 379
207 377
206 666
206 665
206 663
206 662
206 661
206 660
206 659
206 658
206 657
206 656
206 655
206 654
206 653
206 651
206 648
206 647
206 645
206 642
206 641
206 639
206 613
206 611
206 589
206 588
206 567
206 556
206 555
206 554
206 551
206 550
206 521
206 506
206 485
206 484
205 653
205 651
205 640
205 638
205 636
205 612
205 611
205 588
205 587
205 586
205 570
205 569
205 567
205 557
205 555
205 550
205 522
205 521
205 506
205 485
205 484
204 638
204 636
204 634
204 611
204 587
204 586
204 585
204 570
204 569
204 567
204 557
204 556
204 551
204 522
204 507
204 483
204 382
203 636
203 633
203 632
203 630
203 629
203 610
203 585
203 584
203 583
203 570
203 567
203 556
203 551
203 550
203 522
203 518
203 509
203 507
203 383
202 630
202 629
202 628
202 626
202 610
202 584
202 571
202 570
202 567
202 557
202 550
202 529
202 524
202 519
202 510
202 383
202 382
201 629
201 628
201 627
201 625
201 624
201 623
201 621
201 618
201 617
201 609
201 608
201 570
201 567
201 551
201 530
201 523
201 511
201 483
201 482
201 481
201 382
200 625
200 624
200 623
200 622
200 620
200 619
200 617
200 616
200 615
200 613
200 610
200 609
200 608
200 571
200 570
200 567
200 557
200 530
200 529
200 524
200 383
199 617
199 616
199 615
199 614
199 613
199 610
199 608
199 607
199 572
199 570
199 567
199 558
199 551
199 531
199 530
199 525
199 524
199 521
199 512
199 480
199 383
199 382
198 608
198 606
198 573
198 571
198 567
198 557
198 550
198 549
198 532
198 531
198 526
198 522
198 514
198 481
198 382
197 607
197 606
197 605
197 572
197 567
197 559
197 558
197 557
197 549
197 533
197 532
197 527
197 525
197 522
197 514
197 513
197 480
197 479
197 478
197 384
197 383
196 606
196 605
196 573
196 572
196 567
196 550
196 548
196 532
196 528
196 526
196 516
196 515
196 479
195 605
195 603
195 573
195 567
195 558
195 549
195 547
195 533
195 532
195 527
195 523
195 517
195 515
195 479
195 478
194 604
194 601
194 573
194 567
194 558
194 557
194 548
194 547
194 545
194 534
194 528
194 527
194 525
194 524
194 523
194 517
194 515
194 477
194 476
194 385
194 384
193 603
193 602
193 601
193 576
193 575
193 574
193 567
193 558
193 556
193 546
193 545
193 543
193 542
193 541
193 536
193 535
193 534
193 533
193 530
193 529
193 528
193 525
193 519
193 516
193 476
193 475
193 384
192 600
192 599
192 598
192 575
192 567
192 556
192 544
192 540
192 538
192 537
192 535
192 533
192 530
192 528
192 526
192 524
192 523
192 521
192 520
192 518
192 517
192 516
192 476
192 385
191 598
191 597
191 577
191 566
191 555
191 554
191 539
191 538
191 537
191 536
191 535
191 534
191 533
191 532
191 531
191 530
191 529
191 528
191 527
191 526
191 524
191 522
191 520
191 475
191 474
191 385
191 384
190 598
190 596
190 595
190 594
190 579
190 577
190 567
190 565
190 555
190 553
190 518
190 517
190 475
190 473
190 386
190 384
189 596
189 594
189 591
189 580
189 579
189 578
189 566
189 554
189 520
189 519
189 474
189 386
188 594
188 593
188 592
188 591
188 589
188 588
188 586
188 584
188 583
188 581
188 580
188 554
188 553
188 551
188 519
188 472
188 385
187 588
187 586
187 583
187 582
187 581
187 566
187 565
187 552
187 522
187 521
187 520
187 519
187 385
186 566
186 565
186 552
186 551
186 550
186 549
186 523
186 521
186 471
186 387
186 386
186 385
185 566
185 547
185 523
185 520
185 519
185 471
185 469
185 387
185 386
184 565
184 564
184 549
184 545
184 544
184 543
184 527
184 526
184 524
184 520
184 470
184 469
184 387
183 565
183 564
183 546
183 545
183 541
183 540
183 537
183 530
183 528
183 527
183 525
183 521
183 468
183 388
183 386
182 563
182 543
182 542
182 540
182 539
182 538
182 536
182 534
182 533
182 531
182 530
182 529
182 527
182 522
182 521
182 467
182 387
181 564
181 563
181 538
181 536
181 535
181 533
181 531
181 522
181 467
181 466
181 387
180 564
180 523
180 521
180 467
180 466
180 389
180 388
179 563
179 562
179 522
179 466
179 464
179 388
178 563
178 523
178 465
178 389
177 562
177 524
177 464
177 463
177 388
176 561
176 525
176 524
176 464
176 462
176 390
175 562
175 561
175 525
175 463
175 461
175 391
175 390
174 561
174 560
174 526
174 525
174 460
174 390
173 559
173 528
173 527
173 526
173 460
173 459
173 391
172 560
172 559
172 557
172 529
172 459
172 458
172 392
172 391
171 558
171 557
171 530
171 529
171 528
171 458
171 457
171 392
171 391
170 556
170 532
170 456
170 392
169 556
169 455
169 454
169 393
168 555
168 553
168 532
168 453
168 393
168 392
167 553
167 550
167 538
167 536
167 534
167 452
167 450
166 552
166 551
166 548
166 547
166 545
166 541
166 539
166 537
166 536
166 535
166 451
166 450
166 448
166 446
166 445
166 394
166 393
165 550
165 549
165 548
165 545
165 542
165 540
165 539
165 538
165 449
165 448
165 447
165 445
165 444
165 443
165 442
165 441
165 440
165 438
165 395
165 394
164 546
164 545
164 543
164 443
164 441
164 439
163 444
163 442
163 441
163 440
163 407
163 396
163 395
162 445
162 444
162 408
162 398
162 396
161 409
161 407
161 397
160 446
160 444
160 408
160 399
160 398
159 444
159 426
159 410
159 409
159 400
158 443
158 432
158 431
158 430
158 428
158 427
158 401
158 399
157 443
157 441
157 438
157 436
157 435
157 433
157 431
157 429
157 428
157 427
157 426
157 412
157 411
157 400
156 441
156 440
156 438
156 437
156 435
156 434
156 432
156 430
156 414
156 412
156 410
156 402
155 432
155 431
155 415
155 414
155 413
155 412
155 410
155 404
155 402
154 431
154 416
154 415
154 409
154 405
154 402
153 432
153 431
153 430
153 420
153 419
153 418
153 417
153 416
153 410
153 409
153 405
153 404
152 430
152 429
152 428
152 426
152 425
152 422
152 421
152 417
152 409
152 408
152 407
152 406
151 428
151 425
151 424
151 422
151 421
150 427